Time Series matched accelerogram: RSN139_TABAS_DAY-L1.AT2
 
Time Step: 0.02 s
 
     Time(sec)	        Acc(g)	                              
       0.00000	       0.00000	                              
       0.02000	      -0.00106	                              
       0.04000	      -0.00105	                              
       0.06000	      -0.00086	                              
       0.08000	      -0.00055	                              
       0.10000	      -0.00051	                              
       0.12000	      -0.00068	                              
       0.14000	      -0.00045	                              
       0.16000	       0.00020	                              
       0.18000	       0.00072	                              
       0.20000	       0.00061	                              
       0.22000	      -0.00073	                              
       0.24000	      -0.00085	                              
       0.26000	       0.00313	                              
       0.28000	       0.00429	                              
       0.30000	      -0.00173	                              
       0.32000	      -0.00458	                              
       0.34000	       0.00062	                              
       0.36000	       0.00482	                              
       0.38000	       0.00160	                              
       0.40000	      -0.00171	                              
       0.42000	      -0.00055	                              
       0.44000	       0.00027	                              
       0.46000	      -0.00091	                              
       0.48000	      -0.00218	                              
       0.50000	      -0.00156	                              
       0.52000	       0.00167	                              
       0.54000	       0.00380	                              
       0.56000	       0.00118	                              
       0.58000	      -0.00343	                              
       0.60000	       0.00071	                              
       0.62000	       0.00443	                              
       0.64000	      -0.00213	                              
       0.66000	      -0.00550	                              
       0.68000	      -0.00297	                              
       0.70000	       0.00508	                              
       0.72000	       0.01793	                              
       0.74000	       0.01799	                              
       0.76000	      -0.00171	                              
       0.78000	      -0.01056	                              
       0.80000	       0.00871	                              
       0.82000	       0.02580	                              
       0.84000	       0.01920	                              
       0.86000	      -0.00421	                              
       0.88000	      -0.01268	                              
       0.90000	       0.01631	                              
       0.92000	       0.04061	                              
       0.94000	       0.02872	                              
       0.96000	       0.00795	                              
       0.98000	       0.00085	                              
       1.00000	      -0.00300	                              
       1.02000	      -0.00260	                              
       1.04000	       0.01240	                              
       1.06000	       0.03668	                              
       1.08000	       0.04994	                              
       1.10000	       0.02906	                              
       1.12000	       0.00036	                              
       1.14000	       0.00138	                              
       1.16000	       0.00415	                              
       1.18000	      -0.02051	                              
       1.20000	      -0.03442	                              
       1.22000	      -0.00665	                              
       1.24000	       0.04124	                              
       1.26000	       0.04712	                              
       1.28000	      -0.00611	                              
       1.30000	      -0.04543	                              
       1.32000	      -0.01976	                              
       1.34000	       0.02340	                              
       1.36000	       0.02804	                              
       1.38000	       0.01196	                              
       1.40000	       0.02461	                              
       1.42000	       0.06486	                              
       1.44000	       0.06438	                              
       1.46000	      -0.00323	                              
       1.48000	      -0.02996	                              
       1.50000	       0.01997	                              
       1.52000	       0.06066	                              
       1.54000	       0.04058	                              
       1.56000	      -0.03166	                              
       1.58000	      -0.09364	                              
       1.60000	      -0.08613	                              
       1.62000	      -0.01679	                              
       1.64000	      -0.00135	                              
       1.66000	      -0.06314	                              
       1.68000	      -0.08508	                              
       1.70000	      -0.00701	                              
       1.72000	       0.06068	                              
       1.74000	       0.02165	                              
       1.76000	      -0.04429	                              
       1.78000	      -0.05205	                              
       1.80000	      -0.01628	                              
       1.82000	       0.05872	                              
       1.84000	       0.10058	                              
       1.86000	       0.06646	                              
       1.88000	       0.00547	                              
       1.90000	      -0.03347	                              
       1.92000	      -0.01716	                              
       1.94000	       0.02688	                              
       1.96000	       0.03585	                              
       1.98000	      -0.00713	                              
       2.00000	      -0.03136	                              
       2.02000	      -0.00926	                              
       2.04000	       0.02321	                              
       2.06000	       0.05706	                              
       2.08000	       0.05895	                              
       2.10000	      -0.01858	                              
       2.12000	      -0.06697	                              
       2.14000	       0.01542	                              
       2.16000	       0.07691	                              
       2.18000	       0.03091	                              
       2.20000	      -0.01201	                              
       2.22000	      -0.03175	                              
       2.24000	      -0.03346	                              
       2.26000	       0.01945	                              
       2.28000	       0.06869	                              
       2.30000	       0.01532	                              
       2.32000	      -0.04023	                              
       2.34000	       0.00071	                              
       2.36000	       0.02989	                              
       2.38000	      -0.02009	                              
       2.40000	      -0.06005	                              
       2.42000	      -0.04447	                              
       2.44000	      -0.03052	                              
       2.46000	      -0.04446	                              
       2.48000	      -0.06356	                              
       2.50000	      -0.05405	                              
       2.52000	      -0.03487	                              
       2.54000	      -0.04997	                              
       2.56000	      -0.06996	                              
       2.58000	      -0.08241	                              
       2.60000	      -0.08856	                              
       2.62000	      -0.03324	                              
       2.64000	       0.02924	                              
       2.66000	       0.01645	                              
       2.68000	      -0.02217	                              
       2.70000	      -0.03836	                              
       2.72000	      -0.05460	                              
       2.74000	      -0.07280	                              
       2.76000	      -0.05039	                              
       2.78000	       0.00870	                              
       2.80000	       0.04937	                              
       2.82000	       0.04692	                              
       2.84000	       0.04174	                              
       2.86000	       0.04195	                              
       2.88000	       0.03250	                              
       2.90000	       0.01297	                              
       2.92000	       0.01710	                              
       2.94000	       0.04366	                              
       2.96000	       0.05078	                              
       2.98000	       0.04163	                              
       3.00000	       0.04174	                              
       3.02000	       0.05459	                              
       3.04000	       0.05192	                              
       3.06000	       0.06737	                              
       3.08000	       0.08469	                              
       3.10000	       0.09047	                              
       3.12000	       0.10530	                              
       3.14000	       0.10837	                              
       3.16000	       0.09452	                              
       3.18000	       0.07388	                              
       3.20000	       0.08166	                              
       3.22000	       0.09466	                              
       3.24000	       0.07666	                              
       3.26000	       0.05247	                              
       3.28000	       0.04293	                              
       3.30000	       0.01781	                              
       3.32000	      -0.02293	                              
       3.34000	      -0.07663	                              
       3.36000	      -0.10269	                              
       3.38000	      -0.09670	                              
       3.40000	      -0.10249	                              
       3.42000	      -0.12081	                              
       3.44000	      -0.11974	                              
       3.46000	      -0.11978	                              
       3.48000	      -0.15584	                              
       3.50000	      -0.17448	                              
       3.52000	      -0.15569	                              
       3.54000	      -0.08770	                              
       3.56000	       0.01990	                              
       3.58000	       0.05511	                              
       3.60000	      -0.00227	                              
       3.62000	      -0.02687	                              
       3.64000	      -0.00419	                              
       3.66000	      -0.02345	                              
       3.68000	      -0.06529	                              
       3.70000	      -0.07425	                              
       3.72000	      -0.05963	                              
       3.74000	      -0.05038	                              
       3.76000	      -0.06492	                              
       3.78000	      -0.09254	                              
       3.80000	      -0.10580	                              
       3.82000	      -0.07690	                              
       3.84000	      -0.04087	                              
       3.86000	      -0.04950	                              
       3.88000	      -0.09943	                              
       3.90000	      -0.11793	                              
       3.92000	      -0.07904	                              
       3.94000	      -0.03489	                              
       3.96000	       0.00048	                              
       3.98000	       0.04414	                              
       4.00000	       0.09093	                              
       4.02000	       0.12040	                              
       4.04000	       0.11269	                              
       4.06000	       0.07773	                              
       4.08000	       0.06731	                              
       4.10000	       0.05959	                              
       4.12000	       0.06163	                              
       4.14000	       0.08879	                              
       4.16000	       0.12014	                              
       4.18000	       0.11157	                              
       4.20000	       0.02614	                              
       4.22000	      -0.09640	                              
       4.24000	      -0.15520	                              
       4.26000	      -0.07158	                              
       4.28000	       0.06580	                              
       4.30000	       0.08968	                              
       4.32000	       0.00731	                              
       4.34000	      -0.03601	                              
       4.36000	      -0.03252	                              
       4.38000	       0.00277	                              
       4.40000	       0.04983	                              
       4.42000	       0.04219	                              
       4.44000	      -0.04570	                              
       4.46000	      -0.17294	                              
       4.48000	      -0.26324	                              
       4.50000	      -0.27838	                              
       4.52000	      -0.26938	                              
       4.54000	      -0.23269	                              
       4.56000	      -0.10870	                              
       4.58000	       0.02256	                              
       4.60000	       0.07679	                              
       4.62000	       0.12176	                              
       4.64000	       0.17674	                              
       4.66000	       0.23404	                              
       4.68000	       0.31538	                              
       4.70000	       0.31986	                              
       4.72000	       0.23803	                              
       4.74000	       0.16250	                              
       4.76000	       0.10449	                              
       4.78000	       0.02284	                              
       4.80000	      -0.02858	                              
       4.82000	      -0.02315	                              
       4.84000	       0.01798	                              
       4.86000	       0.01114	                              
       4.88000	      -0.09511	                              
       4.90000	      -0.11976	                              
       4.92000	      -0.06099	                              
       4.94000	      -0.04755	                              
       4.96000	      -0.10775	                              
       4.98000	      -0.15875	                              
       5.00000	      -0.09263	                              
       5.02000	       0.09672	                              
       5.04000	       0.28509	                              
       5.06000	       0.23161	                              
       5.08000	       0.00353	                              
       5.10000	      -0.06161	                              
       5.12000	       0.06558	                              
       5.14000	       0.17611	                              
       5.16000	       0.25092	                              
       5.18000	       0.27308	                              
       5.20000	       0.20168	                              
       5.22000	       0.08886	                              
       5.24000	      -0.04941	                              
       5.26000	      -0.10721	                              
       5.28000	      -0.06973	                              
       5.30000	      -0.05893	                              
       5.32000	      -0.02093	                              
       5.34000	      -0.03328	                              
       5.36000	      -0.21909	                              
       5.38000	      -0.33919	                              
       5.40000	      -0.26188	                              
       5.42000	      -0.10446	                              
       5.44000	       0.02851	                              
       5.46000	       0.07023	                              
       5.48000	       0.04168	                              
       5.50000	       0.01663	                              
       5.52000	       0.04391	                              
       5.54000	       0.10229	                              
       5.56000	       0.14752	                              
       5.58000	       0.13974	                              
       5.60000	       0.04387	                              
       5.62000	      -0.09063	                              
       5.64000	      -0.15963	                              
       5.66000	      -0.18062	                              
       5.68000	      -0.23233	                              
       5.70000	      -0.21753	                              
       5.72000	      -0.06442	                              
       5.74000	       0.03506	                              
       5.76000	       0.01452	                              
       5.78000	      -0.01104	                              
       5.80000	      -0.00026	                              
       5.82000	      -0.00736	                              
       5.84000	      -0.02462	                              
       5.86000	       0.00617	                              
       5.88000	       0.03012	                              
       5.90000	       0.02364	                              
       5.92000	       0.05299	                              
       5.94000	       0.15135	                              
       5.96000	       0.25066	                              
       5.98000	       0.20671	                              
       6.00000	       0.05167	                              
       6.02000	      -0.01787	                              
       6.04000	      -0.03575	                              
       6.06000	      -0.09352	                              
       6.08000	      -0.05103	                              
       6.10000	       0.01100	                              
       6.12000	       0.01367	                              
       6.14000	       0.05069	                              
       6.16000	       0.02471	                              
       6.18000	      -0.04456	                              
       6.20000	      -0.09744	                              
       6.22000	      -0.16052	                              
       6.24000	      -0.23105	                              
       6.26000	      -0.29650	                              
       6.28000	      -0.25996	                              
       6.30000	      -0.17243	                              
       6.32000	      -0.11772	                              
       6.34000	      -0.04112	                              
       6.36000	       0.03763	                              
       6.38000	       0.03185	                              
       6.40000	       0.04066	                              
       6.42000	       0.13518	                              
       6.44000	       0.16830	                              
       6.46000	       0.12600	                              
       6.48000	       0.07057	                              
       6.50000	       0.02912	                              
       6.52000	       0.02763	                              
       6.54000	       0.01384	                              
       6.56000	       0.05209	                              
       6.58000	       0.24150	                              
       6.60000	       0.27395	                              
       6.62000	      -0.09761	                              
       6.64000	      -0.26414	                              
       6.66000	      -0.09304	                              
       6.68000	      -0.07382	                              
       6.70000	       0.08213	                              
       6.72000	       0.19439	                              
       6.74000	       0.06743	                              
       6.76000	       0.24695	                              
       6.78000	       0.30001	                              
       6.80000	      -0.03857	                              
       6.82000	      -0.14075	                              
       6.84000	      -0.00834	                              
       6.86000	       0.03319	                              
       6.88000	      -0.01733	                              
       6.90000	      -0.05238	                              
       6.92000	      -0.11726	                              
       6.94000	      -0.29108	                              
       6.96000	      -0.39736	                              
       6.98000	      -0.35840	                              
       7.00000	      -0.16880	                              
       7.02000	       0.02758	                              
       7.04000	       0.01544	                              
       7.06000	       0.07116	                              
       7.08000	       0.21521	                              
       7.10000	       0.16353	                              
       7.12000	      -0.00527	                              
       7.14000	      -0.03456	                              
       7.16000	       0.07688	                              
       7.18000	       0.04542	                              
       7.20000	       0.00029	                              
       7.22000	       0.18534	                              
       7.24000	       0.29363	                              
       7.26000	       0.21493	                              
       7.28000	       0.21595	                              
       7.30000	       0.25457	                              
       7.32000	       0.13020	                              
       7.34000	      -0.08369	                              
       7.36000	      -0.22593	                              
       7.38000	      -0.24098	                              
       7.40000	      -0.13424	                              
       7.42000	      -0.02685	                              
       7.44000	       0.03201	                              
       7.46000	       0.02462	                              
       7.48000	       0.03824	                              
       7.50000	       0.09595	                              
       7.52000	       0.08337	                              
       7.54000	       0.08358	                              
       7.56000	       0.12824	                              
       7.58000	       0.05691	                              
       7.60000	      -0.03995	                              
       7.62000	      -0.03026	                              
       7.64000	      -0.08537	                              
       7.66000	      -0.17880	                              
       7.68000	      -0.18865	                              
       7.70000	      -0.24489	                              
       7.72000	      -0.33045	                              
       7.74000	      -0.24025	                              
       7.76000	      -0.09278	                              
       7.78000	      -0.11185	                              
       7.80000	      -0.16601	                              
       7.82000	      -0.07628	                              
       7.84000	       0.01869	                              
       7.86000	       0.06123	                              
       7.88000	       0.11285	                              
       7.90000	       0.20247	                              
       7.92000	       0.18830	                              
       7.94000	       0.03739	                              
       7.96000	      -0.01338	                              
       7.98000	       0.06317	                              
       8.00000	       0.09151	                              
       8.02000	       0.05215	                              
       8.04000	       0.04546	                              
       8.06000	       0.08079	                              
       8.08000	       0.05580	                              
       8.10000	      -0.04819	                              
       8.12000	      -0.06346	                              
       8.14000	      -0.03708	                              
       8.16000	      -0.03825	                              
       8.18000	      -0.04396	                              
       8.20000	      -0.12563	                              
       8.22000	      -0.19391	                              
       8.24000	      -0.12859	                              
       8.26000	       0.03954	                              
       8.28000	       0.19305	                              
       8.30000	       0.21485	                              
       8.32000	       0.16583	                              
       8.34000	       0.16906	                              
       8.36000	       0.18514	                              
       8.38000	       0.06831	                              
       8.40000	      -0.06404	                              
       8.42000	       0.01948	                              
       8.44000	       0.18138	                              
       8.46000	       0.23815	                              
       8.48000	       0.23160	                              
       8.50000	       0.23819	                              
       8.52000	       0.19217	                              
       8.54000	       0.14953	                              
       8.56000	       0.09493	                              
       8.58000	      -0.09353	                              
       8.60000	      -0.21729	                              
       8.62000	      -0.11209	                              
       8.64000	       0.01757	                              
       8.66000	      -0.04662	                              
       8.68000	      -0.15401	                              
       8.70000	      -0.13377	                              
       8.72000	      -0.09943	                              
       8.74000	      -0.13616	                              
       8.76000	      -0.21016	                              
       8.78000	      -0.29899	                              
       8.80000	      -0.22126	                              
       8.82000	       0.05839	                              
       8.84000	       0.12351	                              
       8.86000	      -0.06074	                              
       8.88000	      -0.07199	                              
       8.90000	       0.10158	                              
       8.92000	       0.14606	                              
       8.94000	       0.15076	                              
       8.96000	       0.21528	                              
       8.98000	       0.22659	                              
       9.00000	       0.13858	                              
       9.02000	       0.04998	                              
       9.04000	       0.02886	                              
       9.06000	       0.02554	                              
       9.08000	       0.04076	                              
       9.10000	       0.07547	                              
       9.12000	       0.01819	                              
       9.14000	      -0.07389	                              
       9.16000	      -0.11627	                              
       9.18000	      -0.11738	                              
       9.20000	      -0.13391	                              
       9.22000	      -0.20361	                              
       9.24000	      -0.22690	                              
       9.26000	      -0.19706	                              
       9.28000	      -0.18375	                              
       9.30000	      -0.10572	                              
       9.32000	       0.05315	                              
       9.34000	       0.14617	                              
       9.36000	       0.07357	                              
       9.38000	      -0.00775	                              
       9.40000	       0.09181	                              
       9.42000	       0.14507	                              
       9.44000	       0.05097	                              
       9.46000	       0.02222	                              
       9.48000	       0.10354	                              
       9.50000	       0.11339	                              
       9.52000	       0.07849	                              
       9.54000	       0.07629	                              
       9.56000	       0.07162	                              
       9.58000	       0.04053	                              
       9.60000	       0.08451	                              
       9.62000	       0.17949	                              
       9.64000	       0.21822	                              
       9.66000	       0.13164	                              
       9.68000	      -0.03792	                              
       9.70000	      -0.14288	                              
       9.72000	      -0.14452	                              
       9.74000	      -0.14396	                              
       9.76000	      -0.15978	                              
       9.78000	      -0.11569	                              
       9.80000	       0.03221	                              
       9.82000	       0.08742	                              
       9.84000	       0.01726	                              
       9.86000	      -0.04934	                              
       9.88000	      -0.13929	                              
       9.90000	      -0.16770	                              
       9.92000	      -0.07953	                              
       9.94000	       0.08700	                              
       9.96000	       0.15728	                              
       9.98000	      -0.08668	                              
      10.00000	      -0.35395	                              
      10.02000	      -0.26539	                              
      10.04000	      -0.03126	                              
      10.06000	       0.05053	                              
      10.08000	      -0.00530	                              
      10.10000	       0.00373	                              
      10.12000	       0.15725	                              
      10.14000	       0.25566	                              
      10.16000	       0.15246	                              
      10.18000	      -0.00409	                              
      10.20000	      -0.03149	                              
      10.22000	       0.00119	                              
      10.24000	      -0.01217	                              
      10.26000	       0.01860	                              
      10.28000	       0.10923	                              
      10.30000	       0.16294	                              
      10.32000	       0.04623	                              
      10.34000	      -0.08084	                              
      10.36000	      -0.01314	                              
      10.38000	       0.00298	                              
      10.40000	      -0.09216	                              
      10.42000	      -0.13271	                              
      10.44000	      -0.14725	                              
      10.46000	      -0.12232	                              
      10.48000	      -0.02071	                              
      10.50000	       0.02946	                              
      10.52000	       0.00523	                              
      10.54000	       0.00603	                              
      10.56000	      -0.00311	                              
      10.58000	      -0.01355	                              
      10.60000	       0.05063	                              
      10.62000	       0.07953	                              
      10.64000	       0.05022	                              
      10.66000	       0.04925	                              
      10.68000	      -0.00807	                              
      10.70000	      -0.08652	                              
      10.72000	      -0.08751	                              
      10.74000	      -0.09041	                              
      10.76000	      -0.08321	                              
      10.78000	      -0.03551	                              
      10.80000	      -0.02082	                              
      10.82000	      -0.06407	                              
      10.84000	      -0.05988	                              
      10.86000	       0.03966	                              
      10.88000	       0.11825	                              
      10.90000	       0.11010	                              
      10.92000	       0.08429	                              
      10.94000	       0.09163	                              
      10.96000	       0.08617	                              
      10.98000	      -0.02294	                              
      11.00000	      -0.09844	                              
      11.02000	      -0.02089	                              
      11.04000	       0.11401	                              
      11.06000	       0.15086	                              
      11.08000	       0.01941	                              
      11.10000	      -0.10508	                              
      11.12000	      -0.06932	                              
      11.14000	      -0.00664	                              
      11.16000	      -0.00911	                              
      11.18000	      -0.07873	                              
      11.20000	      -0.10077	                              
      11.22000	      -0.05563	                              
      11.24000	      -0.00122	                              
      11.26000	       0.06584	                              
      11.28000	       0.07277	                              
      11.30000	       0.05577	                              
      11.32000	       0.05887	                              
      11.34000	       0.02253	                              
      11.36000	      -0.04473	                              
      11.38000	      -0.01769	                              
      11.40000	       0.01387	                              
      11.42000	      -0.03349	                              
      11.44000	      -0.02581	                              
      11.46000	       0.04173	                              
      11.48000	       0.04414	                              
      11.50000	      -0.01632	                              
      11.52000	      -0.03487	                              
      11.54000	      -0.00306	                              
      11.56000	       0.02438	                              
      11.58000	       0.03509	                              
      11.60000	       0.06484	                              
      11.62000	       0.05512	                              
      11.64000	       0.03629	                              
      11.66000	       0.05366	                              
      11.68000	       0.07468	                              
      11.70000	       0.14318	                              
      11.72000	       0.21877	                              
      11.74000	       0.19483	                              
      11.76000	       0.13567	                              
      11.78000	       0.12403	                              
      11.80000	       0.05592	                              
      11.82000	      -0.10080	                              
      11.84000	      -0.09756	                              
      11.86000	       0.04717	                              
      11.88000	       0.05510	                              
      11.90000	       0.03023	                              
      11.92000	       0.04357	                              
      11.94000	       0.01977	                              
      11.96000	      -0.04853	                              
      11.98000	      -0.16817	                              
      12.00000	      -0.22314	                              
      12.02000	      -0.11859	                              
      12.04000	       0.02827	                              
      12.06000	       0.00208	                              
      12.08000	      -0.06391	                              
      12.10000	      -0.10283	                              
      12.12000	      -0.15395	                              
      12.14000	      -0.06799	                              
      12.16000	       0.10120	                              
      12.18000	       0.05748	                              
      12.20000	      -0.07156	                              
      12.22000	      -0.05152	                              
      12.24000	       0.00741	                              
      12.26000	       0.03762	                              
      12.28000	       0.04556	                              
      12.30000	       0.05484	                              
      12.32000	       0.10888	                              
      12.34000	       0.20447	                              
      12.36000	       0.16857	                              
      12.38000	      -0.08425	                              
      12.40000	      -0.17156	                              
      12.42000	      -0.00470	                              
      12.44000	       0.01859	                              
      12.46000	      -0.11316	                              
      12.48000	      -0.21231	                              
      12.50000	      -0.20165	                              
      12.52000	      -0.03926	                              
      12.54000	       0.10963	                              
      12.56000	       0.14088	                              
      12.58000	       0.06496	                              
      12.60000	      -0.12307	                              
      12.62000	      -0.12425	                              
      12.64000	       0.08623	                              
      12.66000	       0.13645	                              
      12.68000	      -0.00238	                              
      12.70000	      -0.09182	                              
      12.72000	      -0.05240	                              
      12.74000	       0.01640	                              
      12.76000	       0.03577	                              
      12.78000	       0.06626	                              
      12.80000	       0.10777	                              
      12.82000	       0.00865	                              
      12.84000	      -0.15791	                              
      12.86000	      -0.18806	                              
      12.88000	      -0.05372	                              
      12.90000	       0.10257	                              
      12.92000	       0.08643	                              
      12.94000	      -0.01163	                              
      12.96000	       0.04425	                              
      12.98000	       0.17446	                              
      13.00000	       0.16612	                              
      13.02000	      -0.01792	                              
      13.04000	      -0.18457	                              
      13.06000	      -0.12492	                              
      13.08000	       0.04971	                              
      13.10000	       0.04260	                              
      13.12000	      -0.04302	                              
      13.14000	      -0.07987	                              
      13.16000	      -0.08653	                              
      13.18000	      -0.09092	                              
      13.20000	      -0.09974	                              
      13.22000	      -0.09739	                              
      13.24000	      -0.09423	                              
      13.26000	      -0.09096	                              
      13.28000	      -0.04902	                              
      13.30000	      -0.02690	                              
      13.32000	      -0.04435	                              
      13.34000	      -0.08251	                              
      13.36000	      -0.11048	                              
      13.38000	      -0.08503	                              
      13.40000	      -0.01394	                              
      13.42000	       0.01837	                              
      13.44000	      -0.01719	                              
      13.46000	      -0.05639	                              
      13.48000	      -0.03834	                              
      13.50000	       0.02178	                              
      13.52000	       0.06818	                              
      13.54000	       0.09250	                              
      13.56000	       0.06080	                              
      13.58000	      -0.00609	                              
      13.60000	      -0.01284	                              
      13.62000	       0.05169	                              
      13.64000	       0.07634	                              
      13.66000	      -0.01247	                              
      13.68000	      -0.07824	                              
      13.70000	      -0.02225	                              
      13.72000	       0.01159	                              
      13.74000	      -0.05857	                              
      13.76000	      -0.07772	                              
      13.78000	       0.00092	                              
      13.80000	       0.04269	                              
      13.82000	      -0.00398	                              
      13.84000	      -0.03897	                              
      13.86000	       0.00627	                              
      13.88000	       0.06743	                              
      13.90000	       0.06643	                              
      13.92000	      -0.01097	                              
      13.94000	      -0.07697	                              
      13.96000	      -0.05435	                              
      13.98000	       0.01192	                              
      14.00000	       0.04379	                              
      14.02000	       0.02123	                              
      14.04000	      -0.03707	                              
      14.06000	      -0.08920	                              
      14.08000	      -0.09521	                              
      14.10000	      -0.03374	                              
      14.12000	       0.02572	                              
      14.14000	      -0.00337	                              
      14.16000	      -0.05994	                              
      14.18000	      -0.03163	                              
      14.20000	       0.04081	                              
      14.22000	       0.04231	                              
      14.24000	       0.00055	                              
      14.26000	       0.00803	                              
      14.28000	      -0.00415	                              
      14.30000	      -0.04519	                              
      14.32000	      -0.05777	                              
      14.34000	       0.02028	                              
      14.36000	       0.11183	                              
      14.38000	       0.06979	                              
      14.40000	      -0.04823	                              
      14.42000	      -0.08247	                              
      14.44000	      -0.04439	                              
      14.46000	      -0.02802	                              
      14.48000	       0.04057	                              
      14.50000	       0.10974	                              
      14.52000	       0.06901	                              
      14.54000	      -0.01650	                              
      14.56000	      -0.03982	                              
      14.58000	      -0.01045	                              
      14.60000	       0.00729	                              
      14.62000	       0.04011	                              
      14.64000	       0.05252	                              
      14.66000	       0.03614	                              
      14.68000	       0.01307	                              
      14.70000	       0.03974	                              
      14.72000	       0.08098	                              
      14.74000	       0.05184	                              
      14.76000	      -0.00822	                              
      14.78000	      -0.04071	                              
      14.80000	      -0.05762	                              
      14.82000	      -0.06129	                              
      14.84000	      -0.01792	                              
      14.86000	       0.05010	                              
      14.88000	       0.07818	                              
      14.90000	       0.03499	                              
      14.92000	       0.00660	                              
      14.94000	       0.02514	                              
      14.96000	       0.03155	                              
      14.98000	       0.00509	                              
      15.00000	      -0.02510	                              
      15.02000	      -0.05973	                              
      15.04000	      -0.07761	                              
      15.06000	      -0.07257	                              
      15.08000	      -0.02670	                              
      15.10000	       0.00858	                              
      15.12000	      -0.02884	                              
      15.14000	      -0.06306	                              
      15.16000	      -0.06833	                              
      15.18000	      -0.06292	                              
      15.20000	      -0.04232	                              
      15.22000	      -0.02198	                              
      15.24000	      -0.00361	                              
      15.26000	      -0.00835	                              
      15.28000	      -0.02553	                              
      15.30000	      -0.01008	                              
      15.32000	       0.00700	                              
      15.34000	       0.00731	                              
      15.36000	      -0.02045	                              
      15.38000	      -0.02420	                              
      15.40000	       0.03814	                              
      15.42000	       0.07005	                              
      15.44000	       0.03315	                              
      15.46000	      -0.01848	                              
      15.48000	      -0.03695	                              
      15.50000	       0.00554	                              
      15.52000	       0.06667	                              
      15.54000	       0.05935	                              
      15.56000	       0.01183	                              
      15.58000	      -0.00764	                              
      15.60000	      -0.01027	                              
      15.62000	       0.02258	                              
      15.64000	       0.06640	                              
      15.66000	       0.04613	                              
      15.68000	      -0.00464	                              
      15.70000	       0.01500	                              
      15.72000	       0.10517	                              
      15.74000	       0.12747	                              
      15.76000	      -0.01333	                              
      15.78000	      -0.12039	                              
      15.80000	      -0.01208	                              
      15.82000	       0.04619	                              
      15.84000	      -0.02688	                              
      15.86000	      -0.05083	                              
      15.88000	      -0.02307	                              
      15.90000	       0.00349	                              
      15.92000	       0.00849	                              
      15.94000	      -0.00394	                              
      15.96000	      -0.02717	                              
      15.98000	      -0.04005	                              
      16.00000	      -0.03935	                              
      16.02000	      -0.02484	                              
      16.04000	       0.02632	                              
      16.06000	       0.06275	                              
      16.08000	       0.03238	                              
      16.10000	       0.00451	                              
      16.12000	       0.01781	                              
      16.14000	       0.00042	                              
      16.16000	      -0.01529	                              
      16.18000	       0.02969	                              
      16.20000	       0.06637	                              
      16.22000	       0.02884	                              
      16.24000	      -0.01806	                              
      16.26000	      -0.02036	                              
      16.28000	      -0.00985	                              
      16.30000	      -0.00962	                              
      16.32000	      -0.02156	                              
      16.34000	      -0.01246	                              
      16.36000	       0.00987	                              
      16.38000	       0.00570	                              
      16.40000	      -0.00349	                              
      16.42000	       0.02014	                              
      16.44000	       0.02055	                              
      16.46000	       0.02189	                              
      16.48000	       0.06859	                              
      16.50000	       0.09107	                              
      16.52000	       0.03521	                              
      16.54000	      -0.00272	                              
      16.56000	       0.03466	                              
      16.58000	       0.05067	                              
      16.60000	       0.01032	                              
      16.62000	      -0.01392	                              
      16.64000	       0.01143	                              
      16.66000	       0.03652	                              
      16.68000	       0.02791	                              
      16.70000	       0.00422	                              
      16.72000	      -0.00441	                              
      16.74000	       0.00952	                              
      16.76000	       0.03487	                              
      16.78000	       0.04742	                              
      16.80000	       0.03963	                              
      16.82000	       0.01763	                              
      16.84000	      -0.00398	                              
      16.86000	      -0.00843	                              
      16.88000	      -0.00985	                              
      16.90000	      -0.03630	                              
      16.92000	      -0.05278	                              
      16.94000	      -0.03394	                              
      16.96000	      -0.02284	                              
      16.98000	      -0.04682	                              
      17.00000	      -0.03916	                              
      17.02000	      -0.00668	                              
      17.04000	      -0.02795	                              
      17.06000	      -0.07496	                              
      17.08000	      -0.06597	                              
      17.10000	       0.00175	                              
      17.12000	       0.02702	                              
      17.14000	      -0.01045	                              
      17.16000	      -0.03377	                              
      17.18000	      -0.01339	                              
      17.20000	       0.01603	                              
      17.22000	       0.03063	                              
      17.24000	       0.02834	                              
      17.26000	       0.02632	                              
      17.28000	       0.03084	                              
      17.30000	       0.03032	                              
      17.32000	       0.02052	                              
      17.34000	       0.01906	                              
      17.36000	       0.00684	                              
      17.38000	      -0.04974	                              
      17.40000	      -0.07184	                              
      17.42000	      -0.04042	                              
      17.44000	      -0.00745	                              
      17.46000	       0.02985	                              
      17.48000	       0.07150	                              
      17.50000	       0.08683	                              
      17.52000	       0.07290	                              
      17.54000	       0.06355	                              
      17.56000	       0.06049	                              
      17.58000	       0.08769	                              
      17.60000	       0.10839	                              
      17.62000	       0.06131	                              
      17.64000	      -0.01364	                              
      17.66000	      -0.01327	                              
      17.68000	       0.06748	                              
      17.70000	       0.07518	                              
      17.72000	       0.03055	                              
      17.74000	       0.05305	                              
      17.76000	       0.09463	                              
      17.78000	       0.06633	                              
      17.80000	       0.02040	                              
      17.82000	       0.02370	                              
      17.84000	       0.03239	                              
      17.86000	       0.00196	                              
      17.88000	      -0.05119	                              
      17.90000	      -0.06972	                              
      17.92000	      -0.03165	                              
      17.94000	      -0.01309	                              
      17.96000	      -0.04958	                              
      17.98000	      -0.08095	                              
      18.00000	      -0.04166	                              
      18.02000	       0.00826	                              
      18.04000	      -0.01262	                              
      18.06000	      -0.04348	                              
      18.08000	      -0.04903	                              
      18.10000	      -0.04997	                              
      18.12000	      -0.02131	                              
      18.14000	       0.02032	                              
      18.16000	       0.03936	                              
      18.18000	       0.04586	                              
      18.20000	       0.05516	                              
      18.22000	       0.04873	                              
      18.24000	       0.02318	                              
      18.26000	      -0.00245	                              
      18.28000	      -0.01498	                              
      18.30000	      -0.01157	                              
      18.32000	      -0.00810	                              
      18.34000	      -0.00402	                              
      18.36000	       0.02371	                              
      18.38000	       0.05439	                              
      18.40000	       0.03457	                              
      18.42000	      -0.02856	                              
      18.44000	      -0.06223	                              
      18.46000	      -0.02874	                              
      18.48000	       0.01815	                              
      18.50000	       0.03727	                              
      18.52000	       0.00708	                              
      18.54000	      -0.04919	                              
      18.56000	      -0.06223	                              
      18.58000	      -0.05427	                              
      18.60000	      -0.05129	                              
      18.62000	      -0.04811	                              
      18.64000	      -0.03590	                              
      18.66000	      -0.02367	                              
      18.68000	       0.01438	                              
      18.70000	       0.06643	                              
      18.72000	       0.06514	                              
      18.74000	      -0.02142	                              
      18.76000	      -0.07302	                              
      18.78000	      -0.02709	                              
      18.80000	       0.01280	                              
      18.82000	       0.02031	                              
      18.84000	       0.00960	                              
      18.86000	      -0.00646	                              
      18.88000	       0.00098	                              
      18.90000	       0.00936	                              
      18.92000	       0.00219	                              
      18.94000	       0.00409	                              
      18.96000	       0.01682	                              
      18.98000	      -0.01200	                              
      19.00000	      -0.04707	                              
      19.02000	      -0.03028	                              
      19.04000	       0.00244	                              
      19.06000	       0.03504	                              
      19.08000	       0.06750	                              
      19.10000	       0.05093	                              
      19.12000	      -0.01253	                              
      19.14000	      -0.02679	                              
      19.16000	       0.02795	                              
      19.18000	       0.02969	                              
      19.20000	      -0.03958	                              
      19.22000	      -0.05609	                              
      19.24000	      -0.01648	                              
      19.26000	       0.00367	                              
      19.28000	       0.00131	                              
      19.30000	      -0.01340	                              
      19.32000	      -0.03395	                              
      19.34000	      -0.03408	                              
      19.36000	      -0.02953	                              
      19.38000	      -0.02766	                              
      19.40000	      -0.01572	                              
      19.42000	      -0.00763	                              
      19.44000	       0.00898	                              
      19.46000	       0.02729	                              
      19.48000	       0.01458	                              
      19.50000	      -0.01231	                              
      19.52000	      -0.03559	                              
      19.54000	      -0.02038	                              
      19.56000	       0.03134	                              
      19.58000	       0.04070	                              
      19.60000	       0.00074	                              
      19.62000	      -0.01770	                              
      19.64000	      -0.00322	                              
      19.66000	      -0.00193	                              
      19.68000	      -0.00567	                              
      19.70000	      -0.00056	                              
      19.72000	       0.00088	                              
      19.74000	      -0.01179	                              
      19.76000	      -0.00992	                              
      19.78000	       0.00772	                              
      19.80000	       0.00005	                              
      19.82000	      -0.03017	                              
      19.84000	      -0.04965	                              
      19.86000	      -0.04518	                              
      19.88000	      -0.03298	                              
      19.90000	      -0.02123	                              
      19.92000	       0.00501	                              
      19.94000	       0.02820	                              
      19.96000	       0.02290	                              
      19.98000	       0.00595	                              
      20.00000	      -0.01245	                              
      20.02000	      -0.02310	                              
      20.04000	      -0.01740	                              
      20.06000	      -0.02119	                              
      20.08000	      -0.03339	                              
      20.10000	      -0.02416	                              
      20.12000	      -0.00717	                              
      20.14000	      -0.00003	                              
      20.16000	      -0.00066	                              
      20.18000	      -0.00328	                              
      20.20000	      -0.00219	                              
      20.22000	       0.00114	                              
      20.24000	       0.00046	                              
      20.26000	      -0.00314	                              
      20.28000	      -0.00704	                              
      20.30000	      -0.01166	                              
      20.32000	      -0.00834	                              
      20.34000	       0.00386	                              
      20.36000	       0.00749	                              
      20.38000	       0.00224	                              
      20.40000	       0.00072	                              
      20.42000	       0.00149	                              
      20.44000	      -0.00139	                              
      20.46000	      -0.00350	                              
      20.48000	      -0.00171	                              
      20.50000	       0.00029	                              
      20.52000	       0.00083	                              
      20.54000	       0.00011	                              
      20.56000	       0.00010	                              
      20.58000	       0.00201	                              
      20.60000	       0.00373	                              
      20.62000	       0.00418	                              
      20.64000	       0.00408	                              
      20.66000	       0.00425	                              
      20.68000	       0.00454	                              
      20.70000	       0.00468	                              
      20.72000	       0.00490	                              
      20.74000	       0.00537	                              
      20.76000	       0.00593	                              
      20.78000	       0.00632	                              
      20.80000	       0.00664	                              
      20.82000	       0.00695	                              
      20.84000	       0.00727	                              
      20.86000	       0.00759	                              
      20.88000	       0.00790	                              
      20.90000	       0.00819	                              
      20.92000	       0.00847	                              
      20.94000	       0.00874	                              
      20.96000	       0.00899	                              
