0.000 0.3500
0.010 0.4025
0.020 0.4550
0.030 0.5075
0.040 0.5600
0.050 0.6125
0.060 0.6650
0.070 0.7175
0.080 0.7700
0.090 0.8225
0.100 0.8750
0.110 0.8750
0.120 0.8750
0.130 0.8750
0.140 0.8750
0.150 0.8750
0.160 0.8750
0.170 0.8750
0.180 0.8750
0.190 0.8750
0.200 0.8750
0.210 0.8750
0.220 0.8750
0.230 0.8750
0.240 0.8750
0.250 0.8750
0.260 0.8750
0.270 0.8750
0.280 0.8750
0.290 0.8750
0.300 0.8750
0.310 0.8750
0.320 0.8750
0.330 0.8750
0.340 0.8750
0.350 0.8750
0.360 0.8750
0.370 0.8750
0.380 0.8750
0.390 0.8750
0.400 0.8750
0.410 0.8750
0.420 0.8750
0.430 0.8750
0.440 0.8750
0.450 0.8750
0.460 0.8750
0.470 0.8750
0.480 0.8750
0.490 0.8750
0.500 0.8750
0.510 0.8750
0.520 0.8750
0.530 0.8750
0.540 0.8750
0.550 0.8750
0.560 0.8750
0.570 0.8750
0.580 0.8750
0.590 0.8750
0.600 0.8750
0.610 0.8750
0.620 0.8750
0.630 0.8750
0.640 0.8750
0.650 0.8750
0.660 0.8750
0.670 0.8750
0.680 0.8750
0.690 0.8750
0.700 0.8750
0.710 0.8750
0.720 0.8750
0.730 0.8750
0.740 0.8750
0.750 0.8750
0.760 0.8750
0.770 0.8750
0.780 0.8750
0.790 0.8750
0.800 0.8750
0.810 0.8750
0.820 0.8750
0.830 0.8750
0.840 0.8750
0.850 0.8750
0.860 0.8750
0.870 0.8750
0.880 0.8750
0.890 0.8750
0.900 0.8750
0.910 0.8750
0.920 0.8750
0.930 0.8750
0.940 0.8750
0.950 0.8750
0.960 0.8750
0.970 0.8750
0.980 0.8750
0.990 0.8750
1.000 0.8750
1.010 0.8713
1.020 0.8671
1.030 0.8626
1.040 0.8578
1.050 0.8527
1.060 0.8473
1.070 0.8416
1.080 0.8358
1.090 0.8297
1.100 0.8235
1.110 0.8172
1.120 0.8107
1.130 0.8041
1.140 0.7975
1.150 0.7907
1.160 0.7839
1.170 0.7770
1.180 0.7701
1.190 0.7631
1.200 0.7562
1.210 0.7492
1.220 0.7422
1.230 0.7352
1.240 0.7282
1.250 0.7213
1.260 0.7143
1.270 0.7074
1.280 0.7005
1.290 0.6937
1.300 0.6869
1.310 0.6801
1.320 0.6734
1.330 0.6667
1.340 0.6600
1.350 0.6534
1.360 0.6469
1.370 0.6404
1.380 0.6340
1.390 0.6277
1.400 0.6214
1.410 0.6151
1.420 0.6089
1.430 0.6028
1.440 0.5968
1.450 0.5908
1.460 0.5848
1.470 0.5790
1.480 0.5731
1.490 0.5674
1.500 0.5617
1.510 0.5561
1.520 0.5506
1.530 0.5451
1.540 0.5397
1.550 0.5343
1.560 0.5290
1.570 0.5238
1.580 0.5186
1.590 0.5135
1.600 0.5084
1.610 0.5034
1.620 0.4985
1.630 0.4936
1.640 0.4888
1.650 0.4841
1.660 0.4794
1.670 0.4747
1.680 0.4702
1.690 0.4656
1.700 0.4612
1.710 0.4568
1.720 0.4524
1.730 0.4481
1.740 0.4438
1.750 0.4397
1.760 0.4355
1.770 0.4314
1.780 0.4274
1.790 0.4234
1.800 0.4194
1.810 0.4155
1.820 0.4117
1.830 0.4079
1.840 0.4041
1.850 0.4004
1.860 0.3968
1.870 0.3932
1.880 0.3896
1.890 0.3861
1.900 0.3826
1.910 0.3791
1.920 0.3757
1.930 0.3724
1.940 0.3691
1.950 0.3658
1.960 0.3626
1.970 0.3594
1.980 0.3562
1.990 0.3531
2.000 0.3500
2.010 0.3470
2.020 0.3439
2.030 0.3410
2.040 0.3380
2.050 0.3351
2.060 0.3323
2.070 0.3294
2.080 0.3266
2.090 0.3239
2.100 0.3211
2.110 0.3184
2.120 0.3158
2.130 0.3131
2.140 0.3105
2.150 0.3080
2.160 0.3054
2.170 0.3029
2.180 0.3004
2.190 0.2980
2.200 0.2955
2.210 0.2931
2.220 0.2908
2.230 0.2884
2.240 0.2861
2.250 0.2838
2.260 0.2815
2.270 0.2793
2.280 0.2771
2.290 0.2749
2.300 0.2727
2.310 0.2706
2.320 0.2685
2.330 0.2664
2.340 0.2643
2.350 0.2622
2.360 0.2602
2.370 0.2582
2.380 0.2562
2.390 0.2543
2.400 0.2523
2.410 0.2504
2.420 0.2485
2.430 0.2467
2.440 0.2448
2.450 0.2430
2.460 0.2411
2.470 0.2394
2.480 0.2376
2.490 0.2358
2.500 0.2341
2.510 0.2324
2.520 0.2307
2.530 0.2290
2.540 0.2273
2.550 0.2257
2.560 0.2240
2.570 0.2224
2.580 0.2208
2.590 0.2192
2.600 0.2177
2.610 0.2161
2.620 0.2146
2.630 0.2131
2.640 0.2116
2.650 0.2101
2.660 0.2086
2.670 0.2072
2.680 0.2057
2.690 0.2043
2.700 0.2029
2.710 0.2015
2.720 0.2001
2.730 0.1987
2.740 0.1974
2.750 0.1960
2.760 0.1947
2.770 0.1934
2.780 0.1921
2.790 0.1908
2.800 0.1895
2.810 0.1882
2.820 0.1870
2.830 0.1857
2.840 0.1845
2.850 0.1833
2.860 0.1821
2.870 0.1809
2.880 0.1797
2.890 0.1785
2.900 0.1774
2.910 0.1762
2.920 0.1751
2.930 0.1740
2.940 0.1728
2.950 0.1717
2.960 0.1706
2.970 0.1696
2.980 0.1685
2.990 0.1674
3.000 0.1664
3.010 0.1653
3.020 0.1643
3.030 0.1632
3.040 0.1622
3.050 0.1612
3.060 0.1602
3.070 0.1592
3.080 0.1582
3.090 0.1573
3.100 0.1563
3.110 0.1554
3.120 0.1544
3.130 0.1535
3.140 0.1525
3.150 0.1516
3.160 0.1507
3.170 0.1498
3.180 0.1489
3.190 0.1480
3.200 0.1471
3.210 0.1463
3.220 0.1454
3.230 0.1445
3.240 0.1437
3.250 0.1428
3.260 0.1420
3.270 0.1412
3.280 0.1403
3.290 0.1395
3.300 0.1387
3.310 0.1379
3.320 0.1371
3.330 0.1363
3.340 0.1356
3.350 0.1348
3.360 0.1340
3.370 0.1333
3.380 0.1325
3.390 0.1318
3.400 0.1310
3.410 0.1303
3.420 0.1295
3.430 0.1288
3.440 0.1281
3.450 0.1274
3.460 0.1267
3.470 0.1260
3.480 0.1253
3.490 0.1246
3.500 0.1239
3.510 0.1232
3.520 0.1226
3.530 0.1219
3.540 0.1212
3.550 0.1206
3.560 0.1199
3.570 0.1193
3.580 0.1186
3.590 0.1180
3.600 0.1174
3.610 0.1167
3.620 0.1161
3.630 0.1155
3.640 0.1149
3.650 0.1143
3.660 0.1137
3.670 0.1131
3.680 0.1125
3.690 0.1119
3.700 0.1113
3.710 0.1107
3.720 0.1102
3.730 0.1096
3.740 0.1090
3.750 0.1085
3.760 0.1079
3.770 0.1073
3.780 0.1068
3.790 0.1063
3.800 0.1057
3.810 0.1052
3.820 0.1046
3.830 0.1041
3.840 0.1036
3.850 0.1031
3.860 0.1026
3.870 0.1020
3.880 0.1015
3.890 0.1010
3.900 0.1005
3.910 0.1000
3.920 0.0995
3.930 0.0990
3.940 0.0986
3.950 0.0981
3.960 0.0976
3.970 0.0971
3.980 0.0966
3.990 0.0962
4.000 0.0957
4.010 0.0952
4.020 0.0948
4.030 0.0943
4.040 0.0939
4.050 0.0934
4.060 0.0930
4.070 0.0925
4.080 0.0921
4.090 0.0917
4.100 0.0912
4.110 0.0908
4.120 0.0904
4.130 0.0899
4.140 0.0895
4.150 0.0891
4.160 0.0887
4.170 0.0883
4.180 0.0878
4.190 0.0874
4.200 0.0870
4.210 0.0866
4.220 0.0862
4.230 0.0858
4.240 0.0854
4.250 0.0851
4.260 0.0847
4.270 0.0843
4.280 0.0839
4.290 0.0835
4.300 0.0831
4.310 0.0828
4.320 0.0824
4.330 0.0820
4.340 0.0816
4.350 0.0813
4.360 0.0809
4.370 0.0806
4.380 0.0802
4.390 0.0798
4.400 0.0795
4.410 0.0791
4.420 0.0788
4.430 0.0784
4.440 0.0781
4.450 0.0778
4.460 0.0774
4.470 0.0771
4.480 0.0767
4.490 0.0764
4.500 0.0761
4.510 0.0757
4.520 0.0754
4.530 0.0751
4.540 0.0748
4.550 0.0744
4.560 0.0741
4.570 0.0738
4.580 0.0735
4.590 0.0732
4.600 0.0729
4.610 0.0726
4.620 0.0723
4.630 0.0719
4.640 0.0716
4.650 0.0713
4.660 0.0710
4.670 0.0707
4.680 0.0705
4.690 0.0702
4.700 0.0699
4.710 0.0696
4.720 0.0693
4.730 0.0690
4.740 0.0687
4.750 0.0684
4.760 0.0681
4.770 0.0679
4.780 0.0676
4.790 0.0673
4.800 0.0670
4.810 0.0668
4.820 0.0665
4.830 0.0662
4.840 0.0660
4.850 0.0657
4.860 0.0654
4.870 0.0652
4.880 0.0649
4.890 0.0646
4.900 0.0644
4.910 0.0641
4.920 0.0639
4.930 0.0636
4.940 0.0634
4.950 0.0631
4.960 0.0629
4.970 0.0626
4.980 0.0624
4.990 0.0621
5.000 0.0619
5.010 0.0616
5.020 0.0614
5.030 0.0612
5.040 0.0609
5.050 0.0607
5.060 0.0604
5.070 0.0602
5.080 0.0600
5.090 0.0597
5.100 0.0595
5.110 0.0593
5.120 0.0591
5.130 0.0588
5.140 0.0586
5.150 0.0584
5.160 0.0582
5.170 0.0579
5.180 0.0577
5.190 0.0575
5.200 0.0573
5.210 0.0571
5.220 0.0569
5.230 0.0566
5.240 0.0564
5.250 0.0562
5.260 0.0560
5.270 0.0558
5.280 0.0556
5.290 0.0554
5.300 0.0552
5.310 0.0550
5.320 0.0548
5.330 0.0546
5.340 0.0544
5.350 0.0542
5.360 0.0540
5.370 0.0538
5.380 0.0536
5.390 0.0534
5.400 0.0532
5.410 0.0530
5.420 0.0528
5.430 0.0526
5.440 0.0524
5.450 0.0522
5.460 0.0520
5.470 0.0519
5.480 0.0517
5.490 0.0515
5.500 0.0513
5.510 0.0511
5.520 0.0509
5.530 0.0508
5.540 0.0506
5.550 0.0504
5.560 0.0502
5.570 0.0500
5.580 0.0499
5.590 0.0497
5.600 0.0495
5.610 0.0493
5.620 0.0492
5.630 0.0490
5.640 0.0488
5.650 0.0487
5.660 0.0485
5.670 0.0483
5.680 0.0481
5.690 0.0480
5.700 0.0478
5.710 0.0476
5.720 0.0475
5.730 0.0473
5.740 0.0472
5.750 0.0470
5.760 0.0468
5.770 0.0467
5.780 0.0465
5.790 0.0464
5.800 0.0462
5.810 0.0460
5.820 0.0459
5.830 0.0457
5.840 0.0456
5.850 0.0454
5.860 0.0453
5.870 0.0451
5.880 0.0450
5.890 0.0448
5.900 0.0447
5.910 0.0445
5.920 0.0444
5.930 0.0442
5.940 0.0441
5.950 0.0439
5.960 0.0438
5.970 0.0436
5.980 0.0435
5.990 0.0434
