0.000 0.3500
0.010 0.4025
0.020 0.4550
0.030 0.5075
0.040 0.5600
0.050 0.6125
0.060 0.6650
0.070 0.7175
0.080 0.7700
0.090 0.8225
0.100 0.8750
0.110 0.8750
0.120 0.8750
0.130 0.8750
0.140 0.8750
0.150 0.8750
0.160 0.8750
0.170 0.8750
0.180 0.8750
0.190 0.8750
0.200 0.8750
0.210 0.8750
0.220 0.8750
0.230 0.8750
0.240 0.8750
0.250 0.8750
0.260 0.8750
0.270 0.8750
0.280 0.8750
0.290 0.8750
0.300 0.8750
0.310 0.8750
0.320 0.8750
0.330 0.8750
0.340 0.8750
0.350 0.8750
0.360 0.8750
0.370 0.8750
0.380 0.8750
0.390 0.8750
0.400 0.8750
0.410 0.8750
0.420 0.8750
0.430 0.8750
0.440 0.8750
0.450 0.8750
0.460 0.8750
0.470 0.8750
0.480 0.8750
0.490 0.8750
0.500 0.8750
0.510 0.8671
0.520 0.8578
0.530 0.8473
0.540 0.8358
0.550 0.8235
0.560 0.8107
0.570 0.7975
0.580 0.7839
0.590 0.7701
0.600 0.7562
0.610 0.7422
0.620 0.7282
0.630 0.7143
0.640 0.7005
0.650 0.6869
0.660 0.6734
0.670 0.6600
0.680 0.6469
0.690 0.6340
0.700 0.6214
0.710 0.6089
0.720 0.5968
0.730 0.5848
0.740 0.5731
0.750 0.5617
0.760 0.5506
0.770 0.5397
0.780 0.5290
0.790 0.5186
0.800 0.5084
0.810 0.4985
0.820 0.4888
0.830 0.4794
0.840 0.4702
0.850 0.4612
0.860 0.4524
0.870 0.4438
0.880 0.4355
0.890 0.4274
0.900 0.4194
0.910 0.4117
0.920 0.4041
0.930 0.3968
0.940 0.3896
0.950 0.3826
0.960 0.3757
0.970 0.3691
0.980 0.3626
0.990 0.3562
1.000 0.3500
1.010 0.3439
1.020 0.3380
1.030 0.3323
1.040 0.3266
1.050 0.3211
1.060 0.3158
1.070 0.3105
1.080 0.3054
1.090 0.3004
1.100 0.2955
1.110 0.2908
1.120 0.2861
1.130 0.2815
1.140 0.2771
1.150 0.2727
1.160 0.2685
1.170 0.2643
1.180 0.2602
1.190 0.2562
1.200 0.2523
1.210 0.2485
1.220 0.2448
1.230 0.2411
1.240 0.2376
1.250 0.2341
1.260 0.2307
1.270 0.2273
1.280 0.2240
1.290 0.2208
1.300 0.2177
1.310 0.2146
1.320 0.2116
1.330 0.2086
1.340 0.2057
1.350 0.2029
1.360 0.2001
1.370 0.1974
1.380 0.1947
1.390 0.1921
1.400 0.1895
1.410 0.1870
1.420 0.1845
1.430 0.1821
1.440 0.1797
1.450 0.1774
1.460 0.1751
1.470 0.1728
1.480 0.1706
1.490 0.1685
1.500 0.1664
1.510 0.1643
1.520 0.1622
1.530 0.1602
1.540 0.1582
1.550 0.1563
1.560 0.1544
1.570 0.1525
1.580 0.1507
1.590 0.1489
1.600 0.1471
1.610 0.1454
1.620 0.1437
1.630 0.1420
1.640 0.1403
1.650 0.1387
1.660 0.1371
1.670 0.1356
1.680 0.1340
1.690 0.1325
1.700 0.1310
1.710 0.1295
1.720 0.1281
1.730 0.1267
1.740 0.1253
1.750 0.1239
1.760 0.1226
1.770 0.1212
1.780 0.1199
1.790 0.1186
1.800 0.1174
1.810 0.1161
1.820 0.1149
1.830 0.1137
1.840 0.1125
1.850 0.1113
1.860 0.1102
1.870 0.1090
1.880 0.1079
1.890 0.1068
1.900 0.1057
1.910 0.1046
1.920 0.1036
1.930 0.1026
1.940 0.1015
1.950 0.1005
1.960 0.0995
1.970 0.0986
1.980 0.0976
1.990 0.0966
2.000 0.0957
2.010 0.0948
2.020 0.0939
2.030 0.0930
2.040 0.0921
2.050 0.0912
2.060 0.0904
2.070 0.0895
2.080 0.0887
2.090 0.0878
2.100 0.0870
2.110 0.0862
2.120 0.0854
2.130 0.0847
2.140 0.0839
2.150 0.0831
2.160 0.0824
2.170 0.0816
2.180 0.0809
2.190 0.0802
2.200 0.0795
2.210 0.0788
2.220 0.0781
2.230 0.0774
2.240 0.0767
2.250 0.0761
2.260 0.0754
2.270 0.0748
2.280 0.0741
2.290 0.0735
2.300 0.0729
2.310 0.0723
2.320 0.0716
2.330 0.0710
2.340 0.0705
2.350 0.0699
2.360 0.0693
2.370 0.0687
2.380 0.0681
2.390 0.0676
2.400 0.0670
2.410 0.0665
2.420 0.0660
2.430 0.0654
2.440 0.0649
2.450 0.0644
2.460 0.0639
2.470 0.0634
2.480 0.0629
2.490 0.0624
2.500 0.0619
2.510 0.0614
2.520 0.0609
2.530 0.0604
2.540 0.0600
2.550 0.0595
2.560 0.0591
2.570 0.0586
2.580 0.0582
2.590 0.0577
2.600 0.0573
2.610 0.0569
2.620 0.0564
2.630 0.0560
2.640 0.0556
2.650 0.0552
2.660 0.0548
2.670 0.0544
2.680 0.0540
2.690 0.0536
2.700 0.0532
2.710 0.0528
2.720 0.0524
2.730 0.0520
2.740 0.0517
2.750 0.0513
2.760 0.0509
2.770 0.0506
2.780 0.0502
2.790 0.0499
2.800 0.0495
2.810 0.0492
2.820 0.0488
2.830 0.0485
2.840 0.0481
2.850 0.0478
2.860 0.0475
2.870 0.0472
2.880 0.0468
2.890 0.0465
2.900 0.0462
2.910 0.0459
2.920 0.0456
2.930 0.0453
2.940 0.0450
2.950 0.0447
2.960 0.0444
2.970 0.0441
2.980 0.0438
2.990 0.0435
3.000 0.0432
3.010 0.0429
3.020 0.0426
3.030 0.0424
3.040 0.0421
3.050 0.0418
3.060 0.0416
3.070 0.0413
3.080 0.0410
3.090 0.0408
3.100 0.0405
3.110 0.0402
3.120 0.0400
3.130 0.0397
3.140 0.0395
3.150 0.0392
3.160 0.0390
3.170 0.0388
3.180 0.0385
3.190 0.0383
3.200 0.0380
3.210 0.0378
3.220 0.0376
3.230 0.0373
3.240 0.0371
3.250 0.0369
3.260 0.0367
3.270 0.0364
3.280 0.0362
3.290 0.0360
3.300 0.0358
3.310 0.0356
3.320 0.0354
3.330 0.0352
3.340 0.0349
3.350 0.0347
3.360 0.0345
3.370 0.0343
3.380 0.0341
3.390 0.0339
3.400 0.0337
3.410 0.0335
3.420 0.0333
3.430 0.0332
3.440 0.0330
3.450 0.0328
3.460 0.0326
3.470 0.0324
3.480 0.0322
3.490 0.0320
3.500 0.0319
3.510 0.0317
3.520 0.0315
3.530 0.0313
3.540 0.0311
3.550 0.0310
3.560 0.0308
3.570 0.0306
3.580 0.0305
3.590 0.0303
3.600 0.0301
3.610 0.0300
3.620 0.0298
3.630 0.0296
3.640 0.0295
3.650 0.0293
3.660 0.0292
3.670 0.0290
3.680 0.0288
3.690 0.0287
3.700 0.0285
3.710 0.0284
3.720 0.0282
3.730 0.0281
3.740 0.0279
3.750 0.0278
3.760 0.0276
3.770 0.0275
3.780 0.0273
3.790 0.0272
3.800 0.0271
3.810 0.0269
3.820 0.0268
3.830 0.0266
3.840 0.0265
3.850 0.0264
3.860 0.0262
3.870 0.0261
3.880 0.0260
3.890 0.0258
3.900 0.0257
3.910 0.0256
3.920 0.0254
3.930 0.0253
3.940 0.0252
3.950 0.0251
3.960 0.0249
3.970 0.0248
3.980 0.0247
3.990 0.0246
4.000 0.0244
4.010 0.0243
4.020 0.0242
4.030 0.0241
4.040 0.0240
4.050 0.0238
4.060 0.0237
4.070 0.0236
4.080 0.0235
4.090 0.0234
4.100 0.0233
4.110 0.0232
4.120 0.0230
4.130 0.0229
4.140 0.0228
4.150 0.0227
4.160 0.0226
4.170 0.0225
4.180 0.0224
4.190 0.0223
4.200 0.0222
4.210 0.0221
4.220 0.0220
4.230 0.0219
4.240 0.0218
4.250 0.0217
4.260 0.0216
4.270 0.0215
4.280 0.0214
4.290 0.0213
4.300 0.0212
4.310 0.0211
4.320 0.0210
4.330 0.0209
4.340 0.0208
4.350 0.0207
4.360 0.0206
4.370 0.0205
4.380 0.0204
4.390 0.0203
4.400 0.0202
4.410 0.0201
4.420 0.0200
4.430 0.0200
4.440 0.0199
4.450 0.0198
4.460 0.0197
4.470 0.0196
4.480 0.0195
4.490 0.0194
4.500 0.0193
4.510 0.0193
4.520 0.0192
4.530 0.0191
4.540 0.0190
4.550 0.0189
4.560 0.0188
4.570 0.0188
4.580 0.0187
4.590 0.0186
4.600 0.0185
4.610 0.0184
4.620 0.0184
4.630 0.0183
4.640 0.0182
4.650 0.0181
4.660 0.0180
4.670 0.0180
4.680 0.0179
4.690 0.0178
4.700 0.0177
4.710 0.0177
4.720 0.0176
4.730 0.0175
4.740 0.0174
4.750 0.0174
4.760 0.0173
4.770 0.0172
4.780 0.0171
4.790 0.0171
4.800 0.0170
4.810 0.0169
4.820 0.0169
4.830 0.0168
4.840 0.0167
4.850 0.0167
4.860 0.0166
4.870 0.0165
4.880 0.0165
4.890 0.0164
4.900 0.0163
4.910 0.0163
4.920 0.0162
4.930 0.0161
4.940 0.0161
4.950 0.0160
4.960 0.0159
4.970 0.0159
4.980 0.0158
4.990 0.0157
5.000 0.0157
5.010 0.0156
5.020 0.0156
5.030 0.0155
5.040 0.0154
5.050 0.0154
5.060 0.0153
5.070 0.0153
5.080 0.0152
5.090 0.0151
5.100 0.0151
5.110 0.0150
5.120 0.0150
5.130 0.0149
5.140 0.0148
5.150 0.0148
5.160 0.0147
5.170 0.0147
5.180 0.0146
5.190 0.0146
5.200 0.0145
5.210 0.0144
5.220 0.0144
5.230 0.0143
5.240 0.0143
5.250 0.0142
5.260 0.0142
5.270 0.0141
5.280 0.0141
5.290 0.0140
5.300 0.0140
5.310 0.0139
5.320 0.0139
5.330 0.0138
5.340 0.0138
5.350 0.0137
5.360 0.0137
5.370 0.0136
5.380 0.0136
5.390 0.0135
5.400 0.0135
5.410 0.0134
5.420 0.0134
5.430 0.0133
5.440 0.0133
5.450 0.0132
5.460 0.0132
5.470 0.0131
5.480 0.0131
5.490 0.0130
5.500 0.0130
5.510 0.0129
5.520 0.0129
5.530 0.0128
5.540 0.0128
5.550 0.0127
5.560 0.0127
5.570 0.0126
5.580 0.0126
5.590 0.0126
5.600 0.0125
5.610 0.0125
5.620 0.0124
5.630 0.0124
5.640 0.0123
5.650 0.0123
5.660 0.0122
5.670 0.0122
5.680 0.0122
5.690 0.0121
5.700 0.0121
5.710 0.0120
5.720 0.0120
5.730 0.0120
5.740 0.0119
5.750 0.0119
5.760 0.0118
5.770 0.0118
5.780 0.0117
5.790 0.0117
5.800 0.0117
5.810 0.0116
5.820 0.0116
5.830 0.0115
5.840 0.0115
5.850 0.0115
5.860 0.0114
5.870 0.0114
5.880 0.0114
5.890 0.0113
5.900 0.0113
5.910 0.0112
5.920 0.0112
5.930 0.0112
5.940 0.0111
5.950 0.0111
5.960 0.0111
5.970 0.0110
5.980 0.0110
5.990 0.0109
