0.000 0.3500
0.010 0.3587
0.020 0.3675
0.030 0.3762
0.040 0.3850
0.050 0.3937
0.060 0.4025
0.070 0.4113
0.080 0.4200
0.090 0.4288
0.100 0.4375
0.110 0.4462
0.120 0.4550
0.130 0.4637
0.140 0.4725
0.150 0.4812
0.160 0.4900
0.170 0.4987
0.180 0.5075
0.190 0.5162
0.200 0.5250
0.210 0.5337
0.220 0.5425
0.230 0.5513
0.240 0.5600
0.250 0.5687
0.260 0.5775
0.270 0.5862
0.280 0.5950
0.290 0.6038
0.300 0.6125
0.310 0.6212
0.320 0.6300
0.330 0.6388
0.340 0.6475
0.350 0.6562
0.360 0.6650
0.370 0.6737
0.380 0.6825
0.390 0.6913
0.400 0.7000
0.410 0.7088
0.420 0.7175
0.430 0.7263
0.440 0.7350
0.450 0.7437
0.460 0.7525
0.470 0.7612
0.480 0.7700
0.490 0.7787
0.500 0.7875
0.510 0.7875
0.520 0.7875
0.530 0.7875
0.540 0.7875
0.550 0.7875
0.560 0.7875
0.570 0.7875
0.580 0.7875
0.590 0.7875
0.600 0.7875
0.610 0.7875
0.620 0.7875
0.630 0.7875
0.640 0.7875
0.650 0.7875
0.660 0.7875
0.670 0.7875
0.680 0.7875
0.690 0.7875
0.700 0.7875
0.710 0.7875
0.720 0.7875
0.730 0.7875
0.740 0.7875
0.750 0.7875
0.760 0.7875
0.770 0.7875
0.780 0.7875
0.790 0.7875
0.800 0.7875
0.810 0.7875
0.820 0.7875
0.830 0.7875
0.840 0.7875
0.850 0.7875
0.860 0.7875
0.870 0.7875
0.880 0.7875
0.890 0.7875
0.900 0.7875
0.910 0.7875
0.920 0.7875
0.930 0.7875
0.940 0.7875
0.950 0.7875
0.960 0.7875
0.970 0.7875
0.980 0.7875
0.990 0.7875
1.000 0.7875
1.010 0.7875
1.020 0.7875
1.030 0.7875
1.040 0.7875
1.050 0.7875
1.060 0.7875
1.070 0.7875
1.080 0.7875
1.090 0.7875
1.100 0.7875
1.110 0.7875
1.120 0.7875
1.130 0.7875
1.140 0.7875
1.150 0.7875
1.160 0.7875
1.170 0.7875
1.180 0.7875
1.190 0.7875
1.200 0.7875
1.210 0.7875
1.220 0.7875
1.230 0.7875
1.240 0.7875
1.250 0.7875
1.260 0.7875
1.270 0.7875
1.280 0.7875
1.290 0.7875
1.300 0.7875
1.310 0.7875
1.320 0.7875
1.330 0.7875
1.340 0.7875
1.350 0.7875
1.360 0.7875
1.370 0.7875
1.380 0.7875
1.390 0.7875
1.400 0.7875
1.410 0.7875
1.420 0.7875
1.430 0.7875
1.440 0.7875
1.450 0.7875
1.460 0.7875
1.470 0.7875
1.480 0.7875
1.490 0.7875
1.500 0.7875
1.510 0.7875
1.520 0.7875
1.530 0.7875
1.540 0.7875
1.550 0.7875
1.560 0.7875
1.570 0.7875
1.580 0.7875
1.590 0.7875
1.600 0.7875
1.610 0.7875
1.620 0.7875
1.630 0.7875
1.640 0.7875
1.650 0.7875
1.660 0.7875
1.670 0.7875
1.680 0.7875
1.690 0.7875
1.700 0.7875
1.710 0.7875
1.720 0.7875
1.730 0.7875
1.740 0.7875
1.750 0.7875
1.760 0.7875
1.770 0.7875
1.780 0.7875
1.790 0.7875
1.800 0.7875
1.810 0.7875
1.820 0.7875
1.830 0.7875
1.840 0.7875
1.850 0.7875
1.860 0.7875
1.870 0.7875
1.880 0.7875
1.890 0.7875
1.900 0.7875
1.910 0.7875
1.920 0.7875
1.930 0.7875
1.940 0.7875
1.950 0.7875
1.960 0.7875
1.970 0.7875
1.980 0.7875
1.990 0.7875
2.000 0.7875
2.010 0.7781
2.020 0.7689
2.030 0.7599
2.040 0.7510
2.050 0.7423
2.060 0.7338
2.070 0.7254
2.080 0.7171
2.090 0.7090
2.100 0.7010
2.110 0.6932
2.120 0.6855
2.130 0.6779
2.140 0.6704
2.150 0.6631
2.160 0.6559
2.170 0.6488
2.180 0.6418
2.190 0.6350
2.200 0.6282
2.210 0.6216
2.220 0.6151
2.230 0.6086
2.240 0.6023
2.250 0.5961
2.260 0.5900
2.270 0.5840
2.280 0.5780
2.290 0.5722
2.300 0.5664
2.310 0.5608
2.320 0.5552
2.330 0.5497
2.340 0.5443
2.350 0.5389
2.360 0.5337
2.370 0.5285
2.380 0.5234
2.390 0.5184
2.400 0.5135
2.410 0.5086
2.420 0.5038
2.430 0.4990
2.440 0.4944
2.450 0.4898
2.460 0.4852
2.470 0.4808
2.480 0.4763
2.490 0.4720
2.500 0.4677
2.510 0.4635
2.520 0.4593
2.530 0.4552
2.540 0.4511
2.550 0.4471
2.560 0.4432
2.570 0.4393
2.580 0.4355
2.590 0.4317
2.600 0.4279
2.610 0.4242
2.620 0.4206
2.630 0.4170
2.640 0.4134
2.650 0.4099
2.660 0.4065
2.670 0.4031
2.680 0.3997
2.690 0.3964
2.700 0.3931
2.710 0.3899
2.720 0.3867
2.730 0.3835
2.740 0.3804
2.750 0.3773
2.760 0.3742
2.770 0.3712
2.780 0.3683
2.790 0.3653
2.800 0.3624
2.810 0.3596
2.820 0.3567
2.830 0.3539
2.840 0.3512
2.850 0.3484
2.860 0.3457
2.870 0.3431
2.880 0.3404
2.890 0.3378
2.900 0.3353
2.910 0.3327
2.920 0.3302
2.930 0.3277
2.940 0.3253
2.950 0.3228
2.960 0.3204
2.970 0.3181
2.980 0.3157
2.990 0.3134
3.000 0.3111
3.010 0.3088
3.020 0.3066
3.030 0.3044
3.040 0.3022
3.050 0.3000
3.060 0.2979
3.070 0.2957
3.080 0.2936
3.090 0.2916
3.100 0.2895
3.110 0.2875
3.120 0.2855
3.130 0.2835
3.140 0.2815
3.150 0.2796
3.160 0.2776
3.170 0.2757
3.180 0.2738
3.190 0.2720
3.200 0.2701
3.210 0.2683
3.220 0.2665
3.230 0.2647
3.240 0.2629
3.250 0.2612
3.260 0.2594
3.270 0.2577
3.280 0.2560
3.290 0.2543
3.300 0.2527
3.310 0.2510
3.320 0.2494
3.330 0.2477
3.340 0.2461
3.350 0.2446
3.360 0.2430
3.370 0.2414
3.380 0.2399
3.390 0.2384
3.400 0.2369
3.410 0.2354
3.420 0.2339
3.430 0.2324
3.440 0.2309
3.450 0.2295
3.460 0.2281
3.470 0.2267
3.480 0.2253
3.490 0.2239
3.500 0.2225
3.510 0.2211
3.520 0.2198
3.530 0.2185
3.540 0.2171
3.550 0.2158
3.560 0.2145
3.570 0.2132
3.580 0.2120
3.590 0.2107
3.600 0.2094
3.610 0.2082
3.620 0.2070
3.630 0.2058
3.640 0.2045
3.650 0.2034
3.660 0.2022
3.670 0.2010
3.680 0.1998
3.690 0.1987
3.700 0.1975
3.710 0.1964
3.720 0.1953
3.730 0.1941
3.740 0.1930
3.750 0.1919
3.760 0.1909
3.770 0.1898
3.780 0.1887
3.790 0.1877
3.800 0.1866
3.810 0.1856
3.820 0.1845
3.830 0.1835
3.840 0.1825
3.850 0.1815
3.860 0.1805
3.870 0.1795
3.880 0.1785
3.890 0.1775
3.900 0.1766
3.910 0.1756
3.920 0.1747
3.930 0.1737
3.940 0.1728
3.950 0.1719
3.960 0.1709
3.970 0.1700
3.980 0.1691
3.990 0.1682
4.000 0.1673
4.010 0.1665
4.020 0.1656
4.030 0.1647
4.040 0.1639
4.050 0.1630
4.060 0.1622
4.070 0.1613
4.080 0.1605
4.090 0.1597
4.100 0.1588
4.110 0.1580
4.120 0.1572
4.130 0.1564
4.140 0.1556
4.150 0.1548
4.160 0.1540
4.170 0.1533
4.180 0.1525
4.190 0.1517
4.200 0.1510
4.210 0.1502
4.220 0.1495
4.230 0.1487
4.240 0.1480
4.250 0.1472
4.260 0.1465
4.270 0.1458
4.280 0.1451
4.290 0.1444
4.300 0.1437
4.310 0.1430
4.320 0.1423
4.330 0.1416
4.340 0.1409
4.350 0.1402
4.360 0.1395
4.370 0.1389
4.380 0.1382
4.390 0.1375
4.400 0.1369
4.410 0.1362
4.420 0.1356
4.430 0.1350
4.440 0.1343
4.450 0.1337
4.460 0.1331
4.470 0.1324
4.480 0.1318
4.490 0.1312
4.500 0.1306
4.510 0.1300
4.520 0.1294
4.530 0.1288
4.540 0.1282
4.550 0.1276
4.560 0.1270
4.570 0.1264
4.580 0.1259
4.590 0.1253
4.600 0.1247
4.610 0.1242
4.620 0.1236
4.630 0.1230
4.640 0.1225
4.650 0.1219
4.660 0.1214
4.670 0.1208
4.680 0.1203
4.690 0.1198
4.700 0.1192
4.710 0.1187
4.720 0.1182
4.730 0.1177
4.740 0.1172
4.750 0.1166
4.760 0.1161
4.770 0.1156
4.780 0.1151
4.790 0.1146
4.800 0.1141
4.810 0.1136
4.820 0.1131
4.830 0.1127
4.840 0.1122
4.850 0.1117
4.860 0.1112
4.870 0.1107
4.880 0.1103
4.890 0.1098
4.900 0.1093
4.910 0.1089
4.920 0.1084
4.930 0.1079
4.940 0.1075
4.950 0.1070
4.960 0.1066
4.970 0.1062
4.980 0.1057
4.990 0.1053
5.000 0.1048
5.010 0.1044
5.020 0.1040
5.030 0.1035
5.040 0.1031
5.050 0.1027
5.060 0.1023
5.070 0.1018
5.080 0.1014
5.090 0.1010
5.100 0.1006
5.110 0.1002
5.120 0.0998
5.130 0.0994
5.140 0.0990
5.150 0.0986
5.160 0.0982
5.170 0.0978
5.180 0.0974
5.190 0.0970
5.200 0.0966
5.210 0.0963
5.220 0.0959
5.230 0.0955
5.240 0.0951
5.250 0.0947
5.260 0.0944
5.270 0.0940
5.280 0.0936
5.290 0.0933
5.300 0.0929
5.310 0.0925
5.320 0.0922
5.330 0.0918
5.340 0.0915
5.350 0.0911
5.360 0.0908
5.370 0.0904
5.380 0.0901
5.390 0.0897
5.400 0.0894
5.410 0.0890
5.420 0.0887
5.430 0.0884
5.440 0.0880
5.450 0.0877
5.460 0.0874
5.470 0.0870
5.480 0.0867
5.490 0.0864
5.500 0.0861
5.510 0.0857
5.520 0.0854
5.530 0.0851
5.540 0.0848
5.550 0.0845
5.560 0.0842
5.570 0.0838
5.580 0.0835
5.590 0.0832
5.600 0.0829
5.610 0.0826
5.620 0.0823
5.630 0.0820
5.640 0.0817
5.650 0.0814
5.660 0.0811
5.670 0.0808
5.680 0.0805
5.690 0.0802
5.700 0.0799
5.710 0.0797
5.720 0.0794
5.730 0.0791
5.740 0.0788
5.750 0.0785
5.760 0.0782
5.770 0.0780
5.780 0.0777
5.790 0.0774
5.800 0.0771
5.810 0.0769
5.820 0.0766
5.830 0.0763
5.840 0.0761
5.850 0.0758
5.860 0.0755
5.870 0.0753
5.880 0.0750
5.890 0.0747
5.900 0.0745
5.910 0.0742
5.920 0.0740
5.930 0.0737
5.940 0.0734
5.950 0.0732
5.960 0.0729
5.970 0.0727
5.980 0.0724
5.990 0.0722
