0.000 0.3500
0.010 0.4025
0.020 0.4550
0.030 0.5075
0.040 0.5600
0.050 0.6125
0.060 0.6650
0.070 0.7175
0.080 0.7700
0.090 0.8225
0.100 0.8750
0.110 0.8750
0.120 0.8750
0.130 0.8750
0.140 0.8750
0.150 0.8750
0.160 0.8750
0.170 0.8750
0.180 0.8750
0.190 0.8750
0.200 0.8750
0.210 0.8750
0.220 0.8750
0.230 0.8750
0.240 0.8750
0.250 0.8750
0.260 0.8750
0.270 0.8750
0.280 0.8750
0.290 0.8750
0.300 0.8750
0.310 0.8750
0.320 0.8750
0.330 0.8750
0.340 0.8750
0.350 0.8750
0.360 0.8750
0.370 0.8750
0.380 0.8750
0.390 0.8750
0.400 0.8750
0.410 0.8750
0.420 0.8750
0.430 0.8750
0.440 0.8750
0.450 0.8750
0.460 0.8750
0.470 0.8750
0.480 0.8750
0.490 0.8750
0.500 0.8750
0.510 0.8750
0.520 0.8750
0.530 0.8750
0.540 0.8750
0.550 0.8750
0.560 0.8750
0.570 0.8750
0.580 0.8750
0.590 0.8750
0.600 0.8750
0.610 0.8750
0.620 0.8750
0.630 0.8750
0.640 0.8750
0.650 0.8750
0.660 0.8750
0.670 0.8750
0.680 0.8750
0.690 0.8750
0.700 0.8750
0.710 0.8696
0.720 0.8633
0.730 0.8564
0.740 0.8488
0.750 0.8408
0.760 0.8324
0.770 0.8235
0.780 0.8144
0.790 0.8051
0.800 0.7955
0.810 0.7858
0.820 0.7760
0.830 0.7661
0.840 0.7562
0.850 0.7462
0.860 0.7362
0.870 0.7263
0.880 0.7163
0.890 0.7064
0.900 0.6966
0.910 0.6869
0.920 0.6772
0.930 0.6676
0.940 0.6581
0.950 0.6488
0.960 0.6395
0.970 0.6304
0.980 0.6214
0.990 0.6125
1.000 0.6037
1.010 0.5950
1.020 0.5865
1.030 0.5781
1.040 0.5699
1.050 0.5617
1.060 0.5537
1.070 0.5459
1.080 0.5381
1.090 0.5305
1.100 0.5230
1.110 0.5157
1.120 0.5084
1.130 0.5013
1.140 0.4943
1.150 0.4875
1.160 0.4807
1.170 0.4741
1.180 0.4676
1.190 0.4612
1.200 0.4549
1.210 0.4487
1.220 0.4426
1.230 0.4367
1.240 0.4308
1.250 0.4251
1.260 0.4194
1.270 0.4139
1.280 0.4084
1.290 0.4031
1.300 0.3978
1.310 0.3926
1.320 0.3876
1.330 0.3826
1.340 0.3777
1.350 0.3729
1.360 0.3681
1.370 0.3635
1.380 0.3589
1.390 0.3544
1.400 0.3500
1.410 0.3457
1.420 0.3414
1.430 0.3372
1.440 0.3331
1.450 0.3290
1.460 0.3251
1.470 0.3211
1.480 0.3173
1.490 0.3135
1.500 0.3098
1.510 0.3061
1.520 0.3025
1.530 0.2990
1.540 0.2955
1.550 0.2921
1.560 0.2887
1.570 0.2854
1.580 0.2822
1.590 0.2790
1.600 0.2758
1.610 0.2727
1.620 0.2697
1.630 0.2667
1.640 0.2637
1.650 0.2608
1.660 0.2579
1.670 0.2551
1.680 0.2523
1.690 0.2496
1.700 0.2469
1.710 0.2443
1.720 0.2417
1.730 0.2391
1.740 0.2366
1.750 0.2341
1.760 0.2316
1.770 0.2292
1.780 0.2268
1.790 0.2245
1.800 0.2222
1.810 0.2199
1.820 0.2177
1.830 0.2155
1.840 0.2133
1.850 0.2111
1.860 0.2090
1.870 0.2070
1.880 0.2049
1.890 0.2029
1.900 0.2009
1.910 0.1989
1.920 0.1970
1.930 0.1951
1.940 0.1932
1.950 0.1913
1.960 0.1895
1.970 0.1877
1.980 0.1859
1.990 0.1842
2.000 0.1824
2.010 0.1807
2.020 0.1790
2.030 0.1774
2.040 0.1757
2.050 0.1741
2.060 0.1725
2.070 0.1710
2.080 0.1694
2.090 0.1679
2.100 0.1664
2.110 0.1649
2.120 0.1634
2.130 0.1619
2.140 0.1605
2.150 0.1591
2.160 0.1577
2.170 0.1563
2.180 0.1550
2.190 0.1536
2.200 0.1523
2.210 0.1510
2.220 0.1497
2.230 0.1484
2.240 0.1471
2.250 0.1459
2.260 0.1447
2.270 0.1434
2.280 0.1422
2.290 0.1411
2.300 0.1399
2.310 0.1387
2.320 0.1376
2.330 0.1365
2.340 0.1353
2.350 0.1342
2.360 0.1331
2.370 0.1321
2.380 0.1310
2.390 0.1300
2.400 0.1289
2.410 0.1279
2.420 0.1269
2.430 0.1259
2.440 0.1249
2.450 0.1239
2.460 0.1229
2.470 0.1220
2.480 0.1210
2.490 0.1201
2.500 0.1192
2.510 0.1183
2.520 0.1174
2.530 0.1165
2.540 0.1156
2.550 0.1147
2.560 0.1138
2.570 0.1130
2.580 0.1121
2.590 0.1113
2.600 0.1105
2.610 0.1097
2.620 0.1089
2.630 0.1081
2.640 0.1073
2.650 0.1065
2.660 0.1057
2.670 0.1049
2.680 0.1042
2.690 0.1034
2.700 0.1027
2.710 0.1020
2.720 0.1012
2.730 0.1005
2.740 0.0998
2.750 0.0991
2.760 0.0984
2.770 0.0977
2.780 0.0970
2.790 0.0964
2.800 0.0957
2.810 0.0950
2.820 0.0944
2.830 0.0937
2.840 0.0931
2.850 0.0925
2.860 0.0918
2.870 0.0912
2.880 0.0906
2.890 0.0900
2.900 0.0894
2.910 0.0888
2.920 0.0882
2.930 0.0876
2.940 0.0870
2.950 0.0865
2.960 0.0859
2.970 0.0853
2.980 0.0848
2.990 0.0842
3.000 0.0837
3.010 0.0831
3.020 0.0826
3.030 0.0821
3.040 0.0815
3.050 0.0810
3.060 0.0805
3.070 0.0800
3.080 0.0795
3.090 0.0790
3.100 0.0785
3.110 0.0780
3.120 0.0775
3.130 0.0770
3.140 0.0765
3.150 0.0761
3.160 0.0756
3.170 0.0751
3.180 0.0747
3.190 0.0742
3.200 0.0738
3.210 0.0733
3.220 0.0729
3.230 0.0724
3.240 0.0720
3.250 0.0716
3.260 0.0711
3.270 0.0707
3.280 0.0703
3.290 0.0699
3.300 0.0695
3.310 0.0690
3.320 0.0686
3.330 0.0682
3.340 0.0678
3.350 0.0674
3.360 0.0670
3.370 0.0667
3.380 0.0663
3.390 0.0659
3.400 0.0655
3.410 0.0651
3.420 0.0648
3.430 0.0644
3.440 0.0640
3.450 0.0637
3.460 0.0633
3.470 0.0629
3.480 0.0626
3.490 0.0622
3.500 0.0619
3.510 0.0615
3.520 0.0612
3.530 0.0609
3.540 0.0605
3.550 0.0602
3.560 0.0598
3.570 0.0595
3.580 0.0592
3.590 0.0589
3.600 0.0585
3.610 0.0582
3.620 0.0579
3.630 0.0576
3.640 0.0573
3.650 0.0570
3.660 0.0567
3.670 0.0564
3.680 0.0561
3.690 0.0558
3.700 0.0555
3.710 0.0552
3.720 0.0549
3.730 0.0546
3.740 0.0543
3.750 0.0540
3.760 0.0537
3.770 0.0535
3.780 0.0532
3.790 0.0529
3.800 0.0526
3.810 0.0524
3.820 0.0521
3.830 0.0518
3.840 0.0516
3.850 0.0513
3.860 0.0510
3.870 0.0508
3.880 0.0505
3.890 0.0503
3.900 0.0500
3.910 0.0498
3.920 0.0495
3.930 0.0493
3.940 0.0490
3.950 0.0488
3.960 0.0485
3.970 0.0483
3.980 0.0481
3.990 0.0478
4.000 0.0476
4.010 0.0473
4.020 0.0471
4.030 0.0469
4.040 0.0467
4.050 0.0464
4.060 0.0462
4.070 0.0460
4.080 0.0458
4.090 0.0455
4.100 0.0453
4.110 0.0451
4.120 0.0449
4.130 0.0447
4.140 0.0445
4.150 0.0442
4.160 0.0440
4.170 0.0438
4.180 0.0436
4.190 0.0434
4.200 0.0432
4.210 0.0430
4.220 0.0428
4.230 0.0426
4.240 0.0424
4.250 0.0422
4.260 0.0420
4.270 0.0418
4.280 0.0416
4.290 0.0414
4.300 0.0412
4.310 0.0411
4.320 0.0409
4.330 0.0407
4.340 0.0405
4.350 0.0403
4.360 0.0401
4.370 0.0400
4.380 0.0398
4.390 0.0396
4.400 0.0394
4.410 0.0392
4.420 0.0391
4.430 0.0389
4.440 0.0387
4.450 0.0385
4.460 0.0384
4.470 0.0382
4.480 0.0380
4.490 0.0379
4.500 0.0377
4.510 0.0375
4.520 0.0374
4.530 0.0372
4.540 0.0370
4.550 0.0369
4.560 0.0367
4.570 0.0366
4.580 0.0364
4.590 0.0363
4.600 0.0361
4.610 0.0359
4.620 0.0358
4.630 0.0356
4.640 0.0355
4.650 0.0353
4.660 0.0352
4.670 0.0350
4.680 0.0349
4.690 0.0347
4.700 0.0346
4.710 0.0344
4.720 0.0343
4.730 0.0342
4.740 0.0340
4.750 0.0339
4.760 0.0337
4.770 0.0336
4.780 0.0335
4.790 0.0333
4.800 0.0332
4.810 0.0330
4.820 0.0329
4.830 0.0328
4.840 0.0326
4.850 0.0325
4.860 0.0324
4.870 0.0322
4.880 0.0321
4.890 0.0320
4.900 0.0319
4.910 0.0317
4.920 0.0316
4.930 0.0315
4.940 0.0313
4.950 0.0312
4.960 0.0311
4.970 0.0310
4.980 0.0308
4.990 0.0307
5.000 0.0306
5.010 0.0305
5.020 0.0304
5.030 0.0302
5.040 0.0301
5.050 0.0300
5.060 0.0299
5.070 0.0298
5.080 0.0297
5.090 0.0295
5.100 0.0294
5.110 0.0293
5.120 0.0292
5.130 0.0291
5.140 0.0290
5.150 0.0289
5.160 0.0287
5.170 0.0286
5.180 0.0285
5.190 0.0284
5.200 0.0283
5.210 0.0282
5.220 0.0281
5.230 0.0280
5.240 0.0279
5.250 0.0278
5.260 0.0277
5.270 0.0276
5.280 0.0275
5.290 0.0274
5.300 0.0273
5.310 0.0272
5.320 0.0271
5.330 0.0270
5.340 0.0269
5.350 0.0268
5.360 0.0267
5.370 0.0266
5.380 0.0265
5.390 0.0264
5.400 0.0263
5.410 0.0262
5.420 0.0261
5.430 0.0260
5.440 0.0259
5.450 0.0258
5.460 0.0257
5.470 0.0256
5.480 0.0255
5.490 0.0254
5.500 0.0253
5.510 0.0252
5.520 0.0251
5.530 0.0251
5.540 0.0250
5.550 0.0249
5.560 0.0248
5.570 0.0247
5.580 0.0246
5.590 0.0245
5.600 0.0244
5.610 0.0244
5.620 0.0243
5.630 0.0242
5.640 0.0241
5.650 0.0240
5.660 0.0239
5.670 0.0238
5.680 0.0238
5.690 0.0237
5.700 0.0236
5.710 0.0235
5.720 0.0234
5.730 0.0233
5.740 0.0233
5.750 0.0232
5.760 0.0231
5.770 0.0230
5.780 0.0229
5.790 0.0229
5.800 0.0228
5.810 0.0227
5.820 0.0226
5.830 0.0226
5.840 0.0225
5.850 0.0224
5.860 0.0223
5.870 0.0223
5.880 0.0222
5.890 0.0221
5.900 0.0220
5.910 0.0220
5.920 0.0219
5.930 0.0218
5.940 0.0217
5.950 0.0217
5.960 0.0216
5.970 0.0215
5.980 0.0214
5.990 0.0214
