MEAN MATCHED SPECTRUM
 
 
Accelerograms used:
RSN949_NORTHR_ARL090.AT2
RSN960_NORTHR_LOS270.AT2
RSN998_NORTHR_WST270.AT2
RSN1045_NORTHR_WPI316.AT2
RSN3749_CAPEMEND_FFT360.AT2
RSN4458_MONTENE.GRO_ULO000.AT2
RSN5814_IWATE_44B91EW.AT2
 
Maximum Misfit: 10.96854%
Average Misfit: 4.40458%
Max Sa:         0.97097g
 
T(sec)		Sa (g)
0.00000		0.46238
0.02000		0.46963
0.04000		0.53472
0.06000		0.66754
0.08000		0.77580
0.10000		0.87869
0.12000		0.87968
0.14000		0.87786
0.16000		0.87942
0.18000		0.87868
0.20000		0.92200
0.22000		0.91139
0.24000		0.91908
0.26000		0.89999
0.28000		0.90709
0.30000		0.91917
0.32000		0.91844
0.34000		0.94907
0.36000		0.92095
0.38000		0.91733
0.40000		0.93967
0.42000		0.97097
0.44000		0.96987
0.46000		0.92210
0.48000		0.89504
0.50000		0.89239
0.52000		0.90731
0.54000		0.89844
0.56000		0.91129
0.58000		0.91808
0.60000		0.91576
0.62000		0.91198
0.64000		0.90076
0.66000		0.87933
0.68000		0.88933
0.70000		0.87925
0.72000		0.87945
0.74000		0.87479
0.76000		0.85498
0.78000		0.82147
0.80000		0.80828
0.82000		0.79271
0.84000		0.77410
0.86000		0.75171
0.88000		0.73015
0.90000		0.71242
0.92000		0.69619
0.94000		0.68999
0.96000		0.67283
0.98000		0.65795
1.00000		0.63562
1.02000		0.61093
1.04000		0.58887
1.06000		0.57364
1.08000		0.56523
1.10000		0.55084
1.12000		0.54426
1.14000		0.53360
1.16000		0.52356
1.18000		0.51285
1.20000		0.50015
1.22000		0.48495
1.24000		0.47029
1.26000		0.44862
1.28000		0.42701
1.30000		0.41361
1.32000		0.40361
1.34000		0.39375
1.36000		0.38538
1.38000		0.37625
1.40000		0.36740
1.42000		0.36105
1.44000		0.35522
1.46000		0.34731
1.48000		0.34600
1.50000		0.34937
1.52000		0.35210
1.54000		0.35694
1.56000		0.36114
1.58000		0.36366
1.60000		0.37030
1.62000		0.37952
1.64000		0.38671
1.66000		0.39375
1.68000		0.39847
1.70000		0.39923
1.72000		0.39670
1.74000		0.39239
1.76000		0.38584
1.78000		0.37843
1.80000		0.37400
1.82000		0.36881
1.84000		0.36642
1.86000		0.36304
1.88000		0.35842
1.90000		0.35318
1.92000		0.34715
1.94000		0.34328
1.96000		0.34064
1.98000		0.33790
2.00000		0.33436
2.02000		0.32991
2.04000		0.32656
2.06000		0.32231
2.08000		0.31613
2.10000		0.31087
2.12000		0.30581
2.14000		0.29982
2.16000		0.29536
2.18000		0.29240
2.20000		0.28883
2.22000		0.28421
2.24000		0.27884
2.26000		0.27343
2.28000		0.26805
2.30000		0.26596
2.32000		0.26312
2.34000		0.25954
2.36000		0.25527
2.38000		0.25046
2.40000		0.24568
2.42000		0.24401
2.44000		0.24172
2.46000		0.23867
2.48000		0.23804
2.50000		0.23733
2.52000		0.23647
2.54000		0.23491
2.56000		0.23237
2.58000		0.23084
2.60000		0.22987
2.62000		0.22836
2.64000		0.22624
2.66000		0.22346
2.68000		0.22001
2.70000		0.21589
2.72000		0.21136
2.74000		0.20632
2.76000		0.20095
2.78000		0.19700
2.80000		0.19315
2.82000		0.18903
2.84000		0.18752
2.86000		0.18615
2.88000		0.18526
2.90000		0.18412
2.92000		0.18230
2.94000		0.18067
2.96000		0.17886
2.98000		0.17665
3.00000		0.17393
3.02000		0.17085
3.04000		0.16838
3.06000		0.16736
3.08000		0.16612
3.10000		0.16468
3.12000		0.16306
3.14000		0.16143
3.16000		0.16030
3.18000		0.15933
3.20000		0.15829
3.22000		0.15737
3.24000		0.15631
3.26000		0.15512
3.28000		0.15390
3.30000		0.15289
3.32000		0.15179
3.34000		0.15062
3.36000		0.14940
3.38000		0.14812
3.40000		0.14782
3.42000		0.14860
3.44000		0.14949
3.46000		0.15017
3.48000		0.15092
3.50000		0.15224
3.52000		0.15359
3.54000		0.15460
3.56000		0.15524
3.58000		0.15553
3.60000		0.15544
3.62000		0.15502
3.64000		0.15454
3.66000		0.15376
3.68000		0.15286
3.70000		0.15161
3.72000		0.15003
3.74000		0.14812
3.76000		0.14591
3.78000		0.14340
3.80000		0.14065
3.82000		0.13770
3.84000		0.13458
3.86000		0.13156
3.88000		0.12854
3.90000		0.12590
3.92000		0.12443
3.94000		0.12291
3.96000		0.12151
3.98000		0.12001
4.00000		0.11845
4.02000		0.11687
4.04000		0.11545
4.06000		0.11395
4.08000		0.11236
4.10000		0.11067
4.12000		0.10889
4.14000		0.10702
4.16000		0.10507
4.18000		0.10470
4.20000		0.10448
4.22000		0.10421
4.24000		0.10387
4.26000		0.10342
4.28000		0.10285
4.30000		0.10221
4.32000		0.10175
4.34000		0.10121
4.36000		0.10065
4.38000		0.10014
4.40000		0.09950
4.42000		0.09875
4.44000		0.09789
4.46000		0.09692
4.48000		0.09588
4.50000		0.09476
4.52000		0.09362
4.54000		0.09248
4.56000		0.09156
4.58000		0.09086
4.60000		0.09015
4.62000		0.08944
4.64000		0.08875
4.66000		0.08811
4.68000		0.08769
4.70000		0.08730
4.72000		0.08696
4.74000		0.08666
4.76000		0.08639
4.78000		0.08618
4.80000		0.08599
4.82000		0.08582
4.84000		0.08565
4.86000		0.08548
4.88000		0.08528
4.90000		0.08506
4.92000		0.08481
4.94000		0.08451
4.96000		0.08415
4.98000		0.08373
5.00000		0.08326
5.02000		0.08289
5.04000		0.08245
5.06000		0.08202
5.08000		0.08193
5.10000		0.08175
5.12000		0.08148
5.14000		0.08113
5.16000		0.08071
5.18000		0.08021
5.20000		0.07964
5.22000		0.07899
5.24000		0.07849
5.26000		0.07849
5.28000		0.07840
5.30000		0.07821
5.32000		0.07794
5.34000		0.07767
5.36000		0.07752
5.38000		0.07737
5.40000		0.07721
5.42000		0.07700
5.44000		0.07685
5.46000		0.07665
5.48000		0.07640
5.50000		0.07611
5.52000		0.07576
5.54000		0.07535
5.56000		0.07490
5.58000		0.07441
5.60000		0.07387
5.62000		0.07330
5.64000		0.07270
5.66000		0.07207
5.68000		0.07160
5.70000		0.07135
5.72000		0.07109
5.74000		0.07081
5.76000		0.07050
5.78000		0.07017
5.80000		0.06979
5.82000		0.06939
5.84000		0.06897
5.86000		0.06855
5.88000		0.06810
5.90000		0.06764
5.92000		0.06723
5.94000		0.06681
5.96000		0.06637
5.98000		0.06591
6.00000		0.06548
